0.03014 0.04666 0.0496 0.05579 0.07213 0.05041 0.10041 0.1772 0.12866 0.08687 0.06243 0.03883 0.02502 0.01627 0.01287 0.01139 0.0095 0.0074 0.0184
0.04074 0.07713 0.0641 0.04238 0.04247 0.05165 0.06134 0.05454 0.09144 0.13744 0.11152 0.07336 0.05044 0.0318 0.01967 0.01266 0.00918 0.00751 0.02063
0.05752 0.09241 0.07116 0.05653 0.03997 0.03988 0.04823 0.05518 0.05298 0.08222 0.11611 0.09747 0.06459 0.0432 0.02732 0.01664 0.01055 0.00737 0.02067
0.06083 0.12746 0.08396 0.06245 0.05016 0.03722 0.03653 0.04322 0.04814 0.04879 0.07072 0.09453 0.08128 0.05458 0.03561 0.02246 0.01351 0.0084 0.02015
0.07894 0.15535 0.1299 0.11899 0.09094 0.07396 0.06944 0.05721 0.04365 0.03168 0.02272 0.01694 0.01306 0.0112 0.01081 0.01089 0.01116 0.01183 0.04132
0.0699 0.16744 0.13393 0.10943 0.1001 0.07856 0.06359 0.05771 0.04743 0.03581 0.02585 0.01836 0.01346 0.01027 0.00862 0.00807 0.00795 0.00796 0.03555
0.05178 0.15175 0.14689 0.11589 0.09694 0.08782 0.0696 0.0557 0.0491 0.04015 0.03008 0.02155 0.01515 0.01093 0.00822 0.00674 0.00612 0.00587 0.02971
0.05546 0.11506 0.13669 0.12861 0.10482 0.08821 0.07807 0.06189 0.04899 0.04208 0.03415 0.02541 0.01805 0.01256 0.00892 0.0066 0.00528 0.00464 0.02452
0.05716 0.12394 0.10599 0.11833 0.1137 0.09422 0.07845 0.06761 0.05352 0.042 0.03521 0.02827 0.02091 0.01471 0.01013 0.00707 0.00513 0.004 0.01964
0.079 0.12371 0.10817 0.09195 0.10159 0.09845 0.08183 0.06718 0.05666 0.04476 0.03481 0.0285 0.0226 0.0166 0.01157 0.00787 0.0054 0.00384 0.0155
0.1014 0.16201 0.10433 0.08622 0.07639 0.08293 0.07992 0.0662 0.05368 0.04444 0.03493 0.02692 0.02154 0.01683 0.01227 0.00846 0.00568 0.00383 0.01203
0.10106 0.20025 0.13008 0.08257 0.06809 0.06184 0.06533 0.06227 0.05146 0.0413 0.03358 0.02621 0.01999 0.01565 0.01203 0.00869 0.00593 0.00393 0.00975
0.09751 0.20093 0.1602 0.10266 0.06709 0.05474 0.04976 0.05085 0.04788 0.03948 0.03138 0.02507 0.01939 0.01463 0.01121 0.00847 0.00606 0.00409 0.00861
0.08993 0.196 0.16367 0.12598 0.0836 0.05555 0.04439 0.03998 0.03967 0.03688 0.03033 0.02386 0.01875 0.01433 0.01069 0.00802 0.00595 0.0042 0.00822
0.07011 0.1563 0.15514 0.13439 0.11251 0.08908 0.06132 0.04084 0.03132 0.02747 0.02589 0.02336 0.01904 0.01467 0.01114 0.00828 0.006 0.00432 0.00882
