0.0019 0.0215 0.0275 0.0158 0.0568 0.0499 0.1001 0.2629 0.1331 0.1034 0.1294 0.0231 0.0272 2e-04 0.0132 0.011 0.0115 2e-04 0.0115
0.0213 0.035 0.042 0.0101 0.0255 0.0449 0.095 0.1354 0.0619 0.2855 0.0864 0.0746 0.0508 0.018 0.0129 2e-04 2e-04 2e-04 2e-04
0.0104 0.0435 0.0641 0.0625 0.0576 0.0398 0.0943 0.0586 0.0479 0.0858 0.1897 0.0945 0.0736 0.0319 0.0157 2e-04 0.0063 0.0064 0.0171
0.031 0.1306 0.1041 0.0186 0.0106 0.0459 0.0345 0.0644 0.0518 0.0281 0.0358 0.1525 0.0992 0.067 0.0502 0.0397 0.0255 0.0052 0.0052
0.0785 0.1866 0.1408 0.1011 0.0845 0.044 0.0274 0.0741 0.0488 0.0475 0.0238 0.0115 0.017 0.0248 0.0034 0.013 0.0099 0.0015 0.0617
0.0451 0.2763 0.1077 0.0613 0.0739 0.0454 0.0698 0.0293 0.0488 0.0517 0.0454 0.0305 0.026 0.0183 0.004 0.0221 0.0137 2e-04 0.0304
0.0172 0.2318 0.1036 0.0976 0.088 0.0648 0.0678 0.074 0.0429 0.0434 0.0316 0.0309 0.0321 0.0072 0.0173 0.0036 0.0055 0.0165 0.0242
0.0319 0.1448 0.1475 0.1015 0.1384 0.1486 0.0737 0.0343 0.0426 0.0312 0.0414 0.0153 0.006 0.0107 2e-04 2e-04 0.0093 0.008 0.0147
0.0083 0.0885 0.0926 0.0979 0.1544 0.1528 0.0725 0.1093 0.0293 0.0224 0.0347 0.0257 0.0281 0.0161 0.0149 0.0086 0.0078 2e-04 0.036
0.0263 0.1047 0.1482 0.1406 0.0966 0.1083 0.0926 0.0896 0.023 0.0781 0.0389 0.0104 0.0159 0.0047 0.002 0.0023 0.001 0.001 0.0157
0.106 0.1153 0.08 0.0675 0.0758 0.1056 0.0984 0.1125 0.0508 0.0681 0.0557 0.0131 0.0246 2e-04 0.0091 0.0096 0.0059 2e-04 0.0016
0.0993 0.1142 0.1035 0.0734 0.0911 0.0912 0.09 0.0774 0.0545 0.0644 0.0352 0.0429 0.0205 0.0126 0.016 0.0026 0.0059 2e-04 0.005
0.1408 0.2712 0.1572 0.0636 0.0537 0.0767 0.0348 0.0312 0.0243 0.0243 0.0162 0.0367 0.0127 0.0085 0.0157 0.0091 2e-04 0.0013 0.022
0.2373 0.3437 0.1528 0.0439 0.0199 0.0287 0.0344 0.0199 0.0266 0.018 0.0111 0.0216 0.0077 0.0234 2e-04 0.0035 2e-04 2e-04 0.007
0.0139 0.1752 0.1619 0.1173 0.0827 0.0573 0.0735 0.082 0.0387 0.0323 0.0351 0.0228 0.0177 0.0141 0.0263 0.0188 0.0045 0.0049 0.0208
