    1.51613   -0.798004     0.20745   -0.094186 -0.00369509  -0.0308424  -0.0226982  -0.0251414  -0.0244085  -0.0246284  -0.0245624  -0.0245822  -0.0245762   -0.024578  -0.0245775  -0.0245776  -0.0245776  -0.0245776  -0.0245776  -0.0245776  -0.0245776  -0.0245776  -0.0245776  -0.0245776  -0.0245776  -0.0245776  -0.0245776  -0.0245777  -0.0245773  -0.0245786  -0.0245743  -0.0245888  -0.0245403   -0.024702  -0.0241629  -0.0259601  -0.0199693
  -0.798004      1.9351    -0.90772    0.256341  -0.0928776   0.0118878  -0.0195418  -0.0101129  -0.0129416   -0.012093  -0.0123476  -0.0122712  -0.0122941  -0.0122872  -0.0122893  -0.0122887  -0.0122888  -0.0122888  -0.0122888  -0.0122888  -0.0122888  -0.0122888  -0.0122888  -0.0122888  -0.0122888  -0.0122888  -0.0122888  -0.0122889  -0.0122887  -0.0122893  -0.0122871  -0.0122944  -0.0122701   -0.012351  -0.0120814  -0.0129801 -0.00998465
    0.20745    -0.90772     1.96322    -0.92095    0.255517  -0.0974231  0.00845885  -0.0233057  -0.0137764  -0.0166352  -0.0157775  -0.0160348  -0.0159576  -0.0159808  -0.0159738  -0.0159759  -0.0159753  -0.0159755  -0.0159754  -0.0159755  -0.0159754  -0.0159754  -0.0159754  -0.0159754  -0.0159754  -0.0159755  -0.0159754  -0.0159755  -0.0159753  -0.0159761  -0.0159733  -0.0159827  -0.0159512  -0.0160563  -0.0157059  -0.0168741  -0.0129801
  -0.094186    0.256341    -0.92095     1.96863   -0.921134     0.25701  -0.0964332  0.00959968  -0.0222102  -0.0126672  -0.0155301  -0.0146713  -0.0149289  -0.0148516  -0.0148748  -0.0148678  -0.0148699  -0.0148693  -0.0148695  -0.0148694  -0.0148695  -0.0148695  -0.0148695  -0.0148695  -0.0148695  -0.0148695  -0.0148694  -0.0148695  -0.0148693  -0.0148701  -0.0148674  -0.0148762  -0.0148469  -0.0149447  -0.0146185  -0.0157059  -0.0120814
-0.00369509  -0.0928776    0.255517   -0.921134     1.96826   -0.921452    0.256674  -0.0967638  0.00926753  -0.0225419  -0.0129991  -0.0158619  -0.0150031  -0.0152607  -0.0151834  -0.0152066  -0.0151996  -0.0152017  -0.0152011  -0.0152013  -0.0152012  -0.0152013  -0.0152013  -0.0152013  -0.0152013  -0.0152013  -0.0152012  -0.0152013  -0.0152011  -0.0152019  -0.0151992  -0.0152082  -0.0151782  -0.0152782  -0.0149447  -0.0160563   -0.012351
 -0.0308424   0.0118878  -0.0974231     0.25701   -0.921452     1.96848    -0.92139    0.256785  -0.0966677  0.00936808  -0.0224427  -0.0128994  -0.0157624  -0.0149035  -0.0151612  -0.0150839  -0.0151071  -0.0151001  -0.0151022  -0.0151016  -0.0151018  -0.0151017  -0.0151017  -0.0151017  -0.0151017  -0.0151017  -0.0151017  -0.0151018  -0.0151015  -0.0151023  -0.0150996  -0.0151086  -0.0150788  -0.0151782  -0.0148469  -0.0159512  -0.0122701
 -0.0226982  -0.0195418  0.00845885  -0.0964332    0.256674    -0.92139     1.96842   -0.921412    0.256753  -0.0966968    0.009338  -0.0224724  -0.0129293  -0.0157923  -0.0149334   -0.015191  -0.0151137  -0.0151369    -0.01513  -0.0151321  -0.0151314  -0.0151316  -0.0151316  -0.0151316  -0.0151316  -0.0151316  -0.0151316  -0.0151316  -0.0151314  -0.0151322  -0.0151295  -0.0151385  -0.0151086  -0.0152082  -0.0148762  -0.0159827  -0.0122944
 -0.0251414  -0.0101129  -0.0233057  0.00959968  -0.0967638    0.256785   -0.921412     1.96844   -0.921406    0.256762  -0.0966881  0.00934703  -0.0224635  -0.0129203  -0.0157833  -0.0149244  -0.0151821  -0.0151048   -0.015128   -0.015121  -0.0151231  -0.0151225  -0.0151227  -0.0151226  -0.0151226  -0.0151226  -0.0151226  -0.0151227  -0.0151224  -0.0151232  -0.0151205  -0.0151295  -0.0150996  -0.0151992  -0.0148674  -0.0159733  -0.0122871
 -0.0244085  -0.0129416  -0.0137764  -0.0222102  0.00926753  -0.0966677    0.256753   -0.921406     1.96844   -0.921408    0.256759  -0.0966907  0.00934432  -0.0224662   -0.012923   -0.015786  -0.0149271  -0.0151848  -0.0151075  -0.0151307  -0.0151237  -0.0151258  -0.0151252  -0.0151253  -0.0151253  -0.0151253  -0.0151253  -0.0151254  -0.0151251  -0.0151259  -0.0151232  -0.0151322  -0.0151023  -0.0152019  -0.0148701  -0.0159761  -0.0122893
 -0.0246284   -0.012093  -0.0166352  -0.0126672  -0.0225419  0.00936808  -0.0966968    0.256762   -0.921408     1.96844   -0.921407     0.25676  -0.0966899  0.00934513  -0.0224654  -0.0129222  -0.0157852  -0.0149263   -0.015184  -0.0151067  -0.0151298  -0.0151229   -0.015125  -0.0151244  -0.0151245  -0.0151245  -0.0151245  -0.0151246  -0.0151243  -0.0151251  -0.0151224  -0.0151314  -0.0151015  -0.0152011  -0.0148693  -0.0159753  -0.0122887
 -0.0245624  -0.0123476  -0.0157775  -0.0155301  -0.0129991  -0.0224427    0.009338  -0.0966881    0.256759   -0.921407     1.96844   -0.921407     0.25676  -0.0966902  0.00934489  -0.0224656  -0.0129225  -0.0157854  -0.0149265  -0.0151842  -0.0151069  -0.0151301  -0.0151231  -0.0151252  -0.0151246  -0.0151248  -0.0151247  -0.0151248  -0.0151246  -0.0151254  -0.0151227  -0.0151316  -0.0151018  -0.0152013  -0.0148695  -0.0159755  -0.0122889
 -0.0245822  -0.0122712  -0.0160348  -0.0146713  -0.0158619  -0.0128994  -0.0224724  0.00934703  -0.0966907     0.25676   -0.921407     1.96844   -0.921407     0.25676  -0.0966901  0.00934496  -0.0224656  -0.0129224  -0.0157853  -0.0149265  -0.0151841  -0.0151068    -0.01513  -0.0151231  -0.0151251  -0.0151245  -0.0151247  -0.0151247  -0.0151245  -0.0151253  -0.0151226  -0.0151316  -0.0151017  -0.0152012  -0.0148694  -0.0159754  -0.0122888
 -0.0245762  -0.0122941  -0.0159576  -0.0149289  -0.0150031  -0.0157624  -0.0129293  -0.0224635  0.00934432  -0.0966899     0.25676   -0.921407     1.96844   -0.921407     0.25676  -0.0966901  0.00934494  -0.0224656  -0.0129224  -0.0157854  -0.0149265  -0.0151841  -0.0151068    -0.01513  -0.0151231  -0.0151252  -0.0151245  -0.0151248  -0.0151245  -0.0151253  -0.0151226  -0.0151316  -0.0151017  -0.0152013  -0.0148695  -0.0159755  -0.0122888
  -0.024578  -0.0122872  -0.0159808  -0.0148516  -0.0152607  -0.0149035  -0.0157923  -0.0129203  -0.0224662  0.00934513  -0.0966902     0.25676   -0.921407     1.96844   -0.921407     0.25676  -0.0966901  0.00934495  -0.0224656  -0.0129224  -0.0157854  -0.0149265  -0.0151841  -0.0151068    -0.01513  -0.0151231  -0.0151251  -0.0151246  -0.0151245  -0.0151253  -0.0151226  -0.0151316  -0.0151017  -0.0152013  -0.0148695  -0.0159754  -0.0122888
 -0.0245775  -0.0122893  -0.0159738  -0.0148748  -0.0151834  -0.0151612  -0.0149334  -0.0157833   -0.012923  -0.0224654  0.00934489  -0.0966901     0.25676   -0.921407     1.96844   -0.921407     0.25676  -0.0966901  0.00934494  -0.0224656  -0.0129224  -0.0157854  -0.0149265  -0.0151841  -0.0151068    -0.01513  -0.0151231  -0.0151252  -0.0151244  -0.0151253  -0.0151226  -0.0151316  -0.0151017  -0.0152013  -0.0148695  -0.0159754  -0.0122888
 -0.0245776  -0.0122887  -0.0159759  -0.0148678  -0.0152066  -0.0150839   -0.015191  -0.0149244   -0.015786  -0.0129222  -0.0224656  0.00934496  -0.0966901     0.25676   -0.921407     1.96844   -0.921407     0.25676  -0.0966901  0.00934494  -0.0224656  -0.0129224  -0.0157854  -0.0149265  -0.0151841  -0.0151068    -0.01513  -0.0151231   -0.015125  -0.0151252  -0.0151227  -0.0151316  -0.0151017  -0.0152013  -0.0148695  -0.0159754  -0.0122888
 -0.0245776  -0.0122888  -0.0159753  -0.0148699  -0.0151996  -0.0151071  -0.0151137  -0.0151821  -0.0149271  -0.0157852  -0.0129225  -0.0224656  0.00934494  -0.0966901     0.25676   -0.921407     1.96844   -0.921407     0.25676  -0.0966901  0.00934494  -0.0224656  -0.0129224  -0.0157854  -0.0149265  -0.0151841  -0.0151068  -0.0151301  -0.0151229  -0.0151258  -0.0151225  -0.0151316  -0.0151017  -0.0152013  -0.0148695  -0.0159754  -0.0122888
 -0.0245776  -0.0122888  -0.0159755  -0.0148693  -0.0152017  -0.0151001  -0.0151369  -0.0151048  -0.0151848  -0.0149263  -0.0157854  -0.0129224  -0.0224656  0.00934495  -0.0966901     0.25676   -0.921407     1.96844   -0.921407     0.25676  -0.0966901  0.00934494  -0.0224656  -0.0129224  -0.0157854  -0.0149265  -0.0151841  -0.0151069  -0.0151298  -0.0151237  -0.0151231  -0.0151314  -0.0151018  -0.0152012  -0.0148695  -0.0159754  -0.0122888
 -0.0245776  -0.0122888  -0.0159754  -0.0148695  -0.0152011  -0.0151022    -0.01513   -0.015128  -0.0151075   -0.015184  -0.0149265  -0.0157853  -0.0129224  -0.0224656  0.00934494  -0.0966901     0.25676   -0.921407     1.96844   -0.921407     0.25676  -0.0966901  0.00934494  -0.0224656  -0.0129224  -0.0157854  -0.0149265  -0.0151842  -0.0151067  -0.0151307   -0.015121  -0.0151321  -0.0151016  -0.0152013  -0.0148694  -0.0159755  -0.0122888
 -0.0245776  -0.0122888  -0.0159755  -0.0148694  -0.0152013  -0.0151016  -0.0151321   -0.015121  -0.0151307  -0.0151067  -0.0151842  -0.0149265  -0.0157854  -0.0129224  -0.0224656  0.00934494  -0.0966901     0.25676   -0.921407     1.96844   -0.921407     0.25676  -0.0966901  0.00934494  -0.0224656  -0.0129224  -0.0157853  -0.0149265   -0.015184  -0.0151075   -0.015128    -0.01513  -0.0151022  -0.0152011  -0.0148695  -0.0159754  -0.0122888
 -0.0245776  -0.0122888  -0.0159754  -0.0148695  -0.0152012  -0.0151018  -0.0151314  -0.0151231  -0.0151237  -0.0151298  -0.0151069  -0.0151841  -0.0149265  -0.0157854  -0.0129224  -0.0224656  0.00934494  -0.0966901     0.25676   -0.921407     1.96844   -0.921407     0.25676  -0.0966901  0.00934495  -0.0224656  -0.0129224  -0.0157854  -0.0149263  -0.0151848  -0.0151048  -0.0151369  -0.0151001  -0.0152017  -0.0148693  -0.0159755  -0.0122888
 -0.0245776  -0.0122888  -0.0159754  -0.0148695  -0.0152013  -0.0151017  -0.0151316  -0.0151225  -0.0151258  -0.0151229  -0.0151301  -0.0151068  -0.0151841  -0.0149265  -0.0157854  -0.0129224  -0.0224656  0.00934494  -0.0966901     0.25676   -0.921407     1.96844   -0.921407     0.25676  -0.0966901  0.00934494  -0.0224656  -0.0129225  -0.0157852  -0.0149271  -0.0151821  -0.0151137  -0.0151071  -0.0151996  -0.0148699  -0.0159753  -0.0122888
 -0.0245776  -0.0122888  -0.0159754  -0.0148695  -0.0152013  -0.0151017  -0.0151316  -0.0151227  -0.0151252   -0.015125  -0.0151231    -0.01513  -0.0151068  -0.0151841  -0.0149265  -0.0157854  -0.0129224  -0.0224656  0.00934494  -0.0966901     0.25676   -0.921407     1.96844   -0.921407     0.25676  -0.0966901  0.00934496  -0.0224656  -0.0129222   -0.015786  -0.0149244   -0.015191  -0.0150839  -0.0152066  -0.0148678  -0.0159759  -0.0122887
 -0.0245776  -0.0122888  -0.0159754  -0.0148695  -0.0152013  -0.0151017  -0.0151316  -0.0151226  -0.0151253  -0.0151244  -0.0151252  -0.0151231    -0.01513  -0.0151068  -0.0151841  -0.0149265  -0.0157854  -0.0129224  -0.0224656  0.00934494  -0.0966901     0.25676   -0.921407     1.96844   -0.921407     0.25676  -0.0966901  0.00934489  -0.0224654   -0.012923  -0.0157833  -0.0149334  -0.0151612  -0.0151834  -0.0148748  -0.0159738  -0.0122893
 -0.0245776  -0.0122888  -0.0159754  -0.0148695  -0.0152013  -0.0151017  -0.0151316  -0.0151226  -0.0151253  -0.0151245  -0.0151246  -0.0151251  -0.0151231    -0.01513  -0.0151068  -0.0151841  -0.0149265  -0.0157854  -0.0129224  -0.0224656  0.00934495  -0.0966901     0.25676   -0.921407     1.96844   -0.921407     0.25676  -0.0966902  0.00934513  -0.0224662  -0.0129203  -0.0157923  -0.0149035  -0.0152607  -0.0148516  -0.0159808  -0.0122872
 -0.0245776  -0.0122888  -0.0159755  -0.0148695  -0.0152013  -0.0151017  -0.0151316  -0.0151226  -0.0151253  -0.0151245  -0.0151248  -0.0151245  -0.0151252  -0.0151231    -0.01513  -0.0151068  -0.0151841  -0.0149265  -0.0157854  -0.0129224  -0.0224656  0.00934494  -0.0966901     0.25676   -0.921407     1.96844   -0.921407     0.25676  -0.0966899  0.00934432  -0.0224635  -0.0129293  -0.0157624  -0.0150031  -0.0149289  -0.0159576  -0.0122941
 -0.0245776  -0.0122888  -0.0159754  -0.0148694  -0.0152012  -0.0151017  -0.0151316  -0.0151226  -0.0151253  -0.0151245  -0.0151247  -0.0151247  -0.0151245  -0.0151251  -0.0151231    -0.01513  -0.0151068  -0.0151841  -0.0149265  -0.0157853  -0.0129224  -0.0224656  0.00934496  -0.0966901     0.25676   -0.921407     1.96844   -0.921407     0.25676  -0.0966907  0.00934703  -0.0224724  -0.0128994  -0.0158619  -0.0146713  -0.0160348  -0.0122712
 -0.0245777  -0.0122889  -0.0159755  -0.0148695  -0.0152013  -0.0151018  -0.0151316  -0.0151227  -0.0151254  -0.0151246  -0.0151248  -0.0151247  -0.0151248  -0.0151246  -0.0151252  -0.0151231  -0.0151301  -0.0151069  -0.0151842  -0.0149265  -0.0157854  -0.0129225  -0.0224656  0.00934489  -0.0966902     0.25676   -0.921407     1.96844   -0.921407    0.256759  -0.0966881    0.009338  -0.0224427  -0.0129991  -0.0155301  -0.0157775  -0.0123476
 -0.0245773  -0.0122887  -0.0159753  -0.0148693  -0.0152011  -0.0151015  -0.0151314  -0.0151224  -0.0151251  -0.0151243  -0.0151246  -0.0151245  -0.0151245  -0.0151245  -0.0151244   -0.015125  -0.0151229  -0.0151298  -0.0151067   -0.015184  -0.0149263  -0.0157852  -0.0129222  -0.0224654  0.00934513  -0.0966899     0.25676   -0.921407     1.96844   -0.921408    0.256762  -0.0966968  0.00936808  -0.0225419  -0.0126672  -0.0166352   -0.012093
 -0.0245786  -0.0122893  -0.0159761  -0.0148701  -0.0152019  -0.0151023  -0.0151322  -0.0151232  -0.0151259  -0.0151251  -0.0151254  -0.0151253  -0.0151253  -0.0151253  -0.0151253  -0.0151252  -0.0151258  -0.0151237  -0.0151307  -0.0151075  -0.0151848  -0.0149271   -0.015786   -0.012923  -0.0224662  0.00934432  -0.0966907    0.256759   -0.921408     1.96844   -0.921406    0.256753  -0.0966677  0.00926753  -0.0222102  -0.0137764  -0.0129416
 -0.0245743  -0.0122871  -0.0159733  -0.0148674  -0.0151992  -0.0150996  -0.0151295  -0.0151205  -0.0151232  -0.0151224  -0.0151227  -0.0151226  -0.0151226  -0.0151226  -0.0151226  -0.0151227  -0.0151225  -0.0151231   -0.015121   -0.015128  -0.0151048  -0.0151821  -0.0149244  -0.0157833  -0.0129203  -0.0224635  0.00934703  -0.0966881    0.256762   -0.921406     1.96844   -0.921412    0.256785  -0.0967638  0.00959968  -0.0233057  -0.0101129
 -0.0245888  -0.0122944  -0.0159827  -0.0148762  -0.0152082  -0.0151086  -0.0151385  -0.0151295  -0.0151322  -0.0151314  -0.0151316  -0.0151316  -0.0151316  -0.0151316  -0.0151316  -0.0151316  -0.0151316  -0.0151314  -0.0151321    -0.01513  -0.0151369  -0.0151137   -0.015191  -0.0149334  -0.0157923  -0.0129293  -0.0224724    0.009338  -0.0966968    0.256753   -0.921412     1.96842    -0.92139    0.256674  -0.0964332  0.00845885  -0.0195418
 -0.0245403  -0.0122701  -0.0159512  -0.0148469  -0.0151782  -0.0150788  -0.0151086  -0.0150996  -0.0151023  -0.0151015  -0.0151018  -0.0151017  -0.0151017  -0.0151017  -0.0151017  -0.0151017  -0.0151017  -0.0151018  -0.0151016  -0.0151022  -0.0151001  -0.0151071  -0.0150839  -0.0151612  -0.0149035  -0.0157624  -0.0128994  -0.0224427  0.00936808  -0.0966677    0.256785    -0.92139     1.96848   -0.921452     0.25701  -0.0974231   0.0118878
  -0.024702   -0.012351  -0.0160563  -0.0149447  -0.0152782  -0.0151782  -0.0152082  -0.0151992  -0.0152019  -0.0152011  -0.0152013  -0.0152012  -0.0152013  -0.0152013  -0.0152013  -0.0152013  -0.0152013  -0.0152012  -0.0152013  -0.0152011  -0.0152017  -0.0151996  -0.0152066  -0.0151834  -0.0152607  -0.0150031  -0.0158619  -0.0129991  -0.0225419  0.00926753  -0.0967638    0.256674   -0.921452     1.96826   -0.921134    0.255517  -0.0928776
 -0.0241629  -0.0120814  -0.0157059  -0.0146185  -0.0149447  -0.0148469  -0.0148762  -0.0148674  -0.0148701  -0.0148693  -0.0148695  -0.0148694  -0.0148695  -0.0148695  -0.0148695  -0.0148695  -0.0148695  -0.0148695  -0.0148694  -0.0148695  -0.0148693  -0.0148699  -0.0148678  -0.0148748  -0.0148516  -0.0149289  -0.0146713  -0.0155301  -0.0126672  -0.0222102  0.00959968  -0.0964332     0.25701   -0.921134     1.96863    -0.92095    0.256341
 -0.0259601  -0.0129801  -0.0168741  -0.0157059  -0.0160563  -0.0159512  -0.0159827  -0.0159733  -0.0159761  -0.0159753  -0.0159755  -0.0159754  -0.0159755  -0.0159754  -0.0159754  -0.0159754  -0.0159754  -0.0159754  -0.0159755  -0.0159754  -0.0159755  -0.0159753  -0.0159759  -0.0159738  -0.0159808  -0.0159576  -0.0160348  -0.0157775  -0.0166352  -0.0137764  -0.0233057  0.00845885  -0.0974231    0.255517    -0.92095     1.96322    -0.90772
 -0.0199693 -0.00998465  -0.0129801  -0.0120814   -0.012351  -0.0122701  -0.0122944  -0.0122871  -0.0122893  -0.0122887  -0.0122889  -0.0122888  -0.0122888  -0.0122888  -0.0122888  -0.0122888  -0.0122888  -0.0122888  -0.0122888  -0.0122888  -0.0122888  -0.0122888  -0.0122887  -0.0122893  -0.0122872  -0.0122941  -0.0122712  -0.0123476   -0.012093  -0.0129416  -0.0101129  -0.0195418   0.0118878  -0.0928776    0.256341    -0.90772      1.9351
